FA 02 BC 02 (1)
FA 09 68 03 01 00 04 01 00 00 00 (1)

FA 07 4C 04 04 01 00 00 00 (2)
FA 07 CF 04 06 01 00 00 00 (3)
FA 07 7F 04 08 0D 00 00 00 (4)

FA 02 BC 02
FA 09 E0 03 01 00 04 02 00 00 00
FA 07 C4 04 04 02 00 00 00 
FA 07 F7 04 06 11 00 00 00
FA 07 71 04 08 09 00 00 00

FA 02 BC 02
FA 09 E9 03 01 00 04 04 00 00 00
FA 07 CD 04 04 04 00 00 00

FA 02 BC 02
FA 09 68 03 01 00 04 01 00 00 00

FA 02 BC 02
FA 09 6F 03 01 00 04 03 00 00 00

FA 07 4B 04 04 03 00 00 00 
FA 07 C1 04 06 05 00 00 00

FA 02 BC 02
FA 02 BC 02
FA 09 E9 03 01 00 04 04 00 00 00
FA 09 E0 03 01 00 04 02 00 00 00

FA 02 BC 02
FA 07 C4 04 04 02 00 00 00
FA 07 F7 04 06 11 00 00 00
FA 09 68 03 01 00 04 01 00 00 00
FA 07 4C 04 04 01 00 00 00
FA 07 7F 04 08 0D 00 00 00
FA 07 00
==============显示板 收 =================
A3 10 01 04 41 00 00 00 F9
A3 03 1A 04 C4
A3 03 04 0E 07 07 07 CD
A3 03 06 07 B3 
A3 03 07 00 00 09 06 92 00 00 4E
A3 10 06 07 00 00 09 06 92 00 00 61
A3 10 13 07 0E 07 00 07 00 07 07 F7
A3 10 10 03 03 04 00 CD

A3 10 01 04 41 00 00 00 F9
A3 03 1A 04 C4 A3 03 04 0E 07 07 07 CD
A3 03 06 07 B3 
A3 03 07 00 00 09 06 92 00 00 4E
A3 10 06 07 00 00 09 06 92 00 00 61
A3 10 13 07 0E 07 00 07 00 07 07 F7
A3 10 10 03 03 04 00 CD

A3 10 01 04 41 00 00 00 F9
A3 03 1A 04 C4 
A3 03 04 0E 07 07 07 CD
A3 03 06 07 B3 
A3 03 07 00 00 09 06 92 00 00 4E
A3 10 06 07 00 00 09 06 92 00 00 61
A3 10 13 07 0E 07 00 07 00 07 07 F7
A3 10 10 03 03 04 00 CD

A3 10 01 04 41 00 00 00 F9
A3 03 1A 04 C4 A3 03 04 0E 07 07 07 CD
A3 03 06 07 B3 A3 03 07 00 00 09 06 92 00 00 4E
A3 10 06 07 00 00 09 06 92 00 00 61
A3 10 13 07 0E 07 00 07 00 07 07 F7
A3 10 10 03 03 04 00 CD

A3 10 01 04 41 00 00 00 F9
A3 03 1A 04 C4
A3 03 04 0E 07 07 07 CD
A3 03 06 07 B3 A3 03 07 00 00 09 06 92 00 00 4E
A3 10 06 07 00 00 09 06 92 00 00 61
A3 10 13 07 0E 07 00 07 00 07 07 F7
A3 10 10 03 03 04 00 CD

A3 10 01 04 41 00 00 00 F9
A3 03 1A 04 C4 A3 03 04 0E 07 07 07 CD
A3 03 06 07 B3
A3 03 07 00 00 09 06 92 00 00 4E
A3 10 06 07 00 00 09 06 92 00 00 61
A3 10 13 07 0E
07 00 07 00 07 07 F7
A3 10 10 03 03 04 00 CD

A3 10 01 04 41 00 00 00 F9
A3 03 1A 04 C4 A3 03 04 0E 07 07 07 CD
A3 03 06 07 B3
A3 03 07 00 00 09 06 92 00 00 4E
A3 10 06 07 00 00 09 06 92 00 00 61
A3 10 13 07 0E 07 00 07 00 07 07 F7
A3 10 10 03 03 04 00 CD

A3 10 01 04 41 00 00 00 F9
A3 03 1A 04 C4 
A3 03 04 0E 07 07 07 CD
A3 03 06 07 B3 A3 03 07 00 00 09 06 92 00 00 4E
A3 10 06 07 00 00 09 06 92 00 00 61
A3 10 13 07 0E 07 00 07 00 07 07 F7
A3 10 10 03 03 04 00 CD

A3 10 01 04 41 00 00 00 F9
A3 03 1A 04 C4 
A3 03 04 0E 07 07 07 CD
A3 03 06 07 B3 A3 03 07 00 00 09 06 92 00 00 4E
A3 10 06 07 00 00 09 06 92 00 00 61
A3 10 13 07 0E 07 00 07 00 07 07 F7
A3 10 10 03 03 04 00 CD

A3 10 01 04 41 00 00 00 F9
A3 03 1A 04 C4 A3 03 04 0E 07 07 07 CD
A3 03 06 07 B3
A3 03 07 00 00 09 06 92 00 00 4E
A3 10 06 07 00 00 09 06 92 00 00 61
A3 10 13 07 0E 07 00 07 00 07 07 F7
A3 10 10 03 03 04 00 CD

A3 10 01 04 41 00 00 00 F9
A3 03 1A 04 C4 A3 03 04 0E 07 07 07 CD
A3 03 06 07 B3
A3 03 07 00 00 09 06 92 00 00 4E
A3 10 06 07 00 00 09 06 92 00 00 61
A3 10 13 07 0E 07 00 07 00 07 07 F7
A3 10 10 03 03 04 00 CD

A3 10
01 04 41 00 00 00 F9
A3 03 1A 04 C4 A3 03 04 0E 07 07 07 CD
A3 03 06 07 B3 A3 03 07 00 00 09 06 92 00 00 4E
A3 10 06 07 00 00 09 06 92 00 00 61
A3 10 13 07 0E 07 00 07 00 07 07 F7
A3
10 10 03 03 04 00 CD


A3 10 01 04 41 00 00 00 F9
A3 03 1A 04 C4 A3 03 04 0E 07
07 07 CD
A3 03 06 07 B3 A3 03 07 00 00 09 06 92 00 00 4E
A3 10 06 07 00 00 09 06 92 00 00 61
A3 10 13 07 0E 07 00 07 00 07 07 F7
A3 10 10 03 03 04 00 CD

A3 10 01 04 41 00 00 00 F9
A3 03 1A 04 C4 A3 03 04 0E 07 07 07 CD
A3 03 06 07 B3 A3 03 07 00
00 09 06 92 00 00 4E
A3 10 06 07 00 00 09 06 92 00 00 61
A3 10 13 07 0E 07 00
07 00 07 07 F7
A3 10 10 03 03 04 00 CD

A3 10 01 04 41 00 00 00 F9
A3 03 1A 04 C4 A3 03 04 0E 07 07 07 CD
A3 03 06 07 B3
A3 03 07 00 00 09 06 92 00 00 4E
A3 10 06 07 00 00 09 06 92 00 00 61
A3 10 13 07 0E 07 00 07 00 07 07 F7
A3 10 10 03 03 04 00 CD

A3 10 01 04 41 00 00 00 F9
A3 03 1A 04 C4 
A3 03 04 0E 07 07 07 CD
A3 03 06 07 B3 
A3 03 07 90 00 09 06 92 00 00 DE
A3 10 06 07 10 00 09 06 92 00 00 71
A3 10 13 07 0E 07 00 07 00 07 07 F7
A3 10 10 03 03 04 00 CD

A3 10 01 04 41 00 00 00 F9
A3 03 1A 04 C4
A3 03 04 0E 07 07 07 CD
A3 03 06 07 B3 
A3 03 07 90 00 09 06 92 00 00 DE
A3 10 06 07 10 00 09 06 92 00 00 71
A3 10 13 07 0E 07 00 07 00 07 07 F7
A3 10 10 03 21 04 00 EB

A3 10 01 04 41 00 00 00 F9
A3 03 1A 04 C4 
A3 03 04 0E 07 07 07 CD
A3 03 06 07 B3 
A3 03 07 90 00 09 06 92 00 00 DE
A3 10 06 07 10 00 09 06 92 00 00 71
A3 10 13 07 0E 07 00 07
00 07 07 F7
A3 10 10 03 21 04 00 EB

A3 10 01 04 41 00 00 00 F9
A3 03 1A 04 C4 A3 03 04 0E 07 07 07 CD
A3 03 06 07 B3
A3 03 07 10 00 09 06 92 00 00 5E
A3 10 06 07 10 00 09 06 92 00 00 71
A3 10 13 07 0E 07 00 07 00 07 07 F7
A3 10 10 03 81 04 00 4B

A3 10 01 04 41 00 00 00 F9
A3 03 1A 04 C4 A3 03 04 0E 07 07 07 CD
A3 03 06 07 B3 A3 03 07 10 00 09 06 92 00 00 5E
A3 10 06 07 10 00 09 06 92 00 00 71
A3 10 13 07 0E 07 00 07 00 07 07 F7
A3 10 10 03 81 04 00 4B

A3 10 01 04 41 00 00 00 F9
A3 03 1A 04 C4
A3 03 04 0E 07 07 07 CD
A3 03 06 07 B3 A3 03 07 10 00 09 06 92 00 00 5E
A3 10 06 07 10 00 09 06 92 00 00 71
A3 10 13 07 0E 07 00 07 00 07 07 F7
A3 10 10 03 09 04 00 D3

A3 10 01 04 41 00 00 00 F9
A3 03 1A 04 C4 A3 03 04 0E 07 07 07 CD
A3 03 06 07 B3 A3 03 07 10 00 09 06 92 00 00 5E
A3 10 06 07 10 00 09 06 92 00 00 71
A3 10 13 07 0E 07 00 07 00 07
07 F7
A3 10 10 03 01 04 00 CB

A3 10 01 04 41 00 00 00 F9
A3 03 1A 04 C4 A3 03 04 0E 07 07 07 CD
A3 03 06 07 B3
A3 03 07 10 00 09 06 92 00 00 5E
A3 10 06 07 10 00 09 06 92 00 00 71
A3 10 13 07 0E 07 00 07 00 07 07 F7
A3 10 10 03 01 04 00 CB

A3 10 01 04 41
00 00 00 F9
A3 03 1A 04 C4 A3 03 04 0E 07
07 07 CD
A3 03 06 07 B3 A3 03 07 10 00 09 06 92 00 00 5E
A3 10 06 07 10 00 09 06 92 00 00 71
A3 10 13 07 0E 07 00 07 00 07 07 F7
A3 10 10
03 01 04 00 CB

A3 10 01 04 41 00 00 00 F9
A3 03 1A 04 C4 A3
03 04 0E 07 07 07 CD
A3 03 06 07 B3 A3 03 07 10 00 09 06 92 00 00 5E
A3
10 06 07 10 00 09 06 92 00 00 71
A3 10 13 07 0E 07 00 07 00 07 07 F7
A3 10 10 03 01 04 00 CB

A3 10 01 04 41 00 00 00 F9
A3 03 1A 04 C4 A3 03 04 0F 07 07 07 CE
A3 03 06 07 B3 A3 03
07 10 00 09 06 92 00 00 5E
A3 10 06 07 10 00 09 06 92 00 00 71
A3 10 13 07 0F 07 00 07
00 07 07 F8
A3 10 10 03 01 04 00 CB

A3 10 01 04 41 00 00 00 F9
A3 03 1A 04 C4 A3 03 04 0E 07 07 07 CD
A3 03 06 07 B3
A3 03 07 10 00 09 06 92 00 00 5E
A3 10 06 07 10 00 09 06 92 00 00 71
A3 10 13 07 0E 07 00 07 00 07 07 F7
A3 10 10 03 01 04 00 CB

A3 10 01 04 41 00
00 00 F9
A3 03 1A 04 C4 A3 03 04 0F 07 07 07 CE
A3 03 06 07 B3 A3 03 07 10 00 09 06 92 00 00 5E
A3 10 06 07 10 00 09 06 92 00 00 71
A3 10 13 07 0F 07 00 07 00 07 07 F8
A3 10 10
03 01 04 00 CB

A3 10 01 04 41 00 00 00 F9
A3 03 1A 04 C4 A3 03 04 0E 07 07 07
CD
A3 03 06 07 B3 A3 03 07 10 00 09 06 92 00 00 5E
A3
10 06 07 10 00 09 06 92 00 00 71
A3 10 13 07 0E 07 00 07 00 07 07 F7
A3 10 10 03 01 04 00 CB

A3 10 01 04 41 00 00 00 F9
A3
03 1A 04 C4 A3 03 04 0F 07 07 07 CE
A3 03 06 07 B3 A3 03 07 10 00 09
06 92 00 00 5E
A3 10 06 07 10 00 09 06 92 00 00 71
A3 10 13 07 0F 07 00 07 00 07 07
F8
A3 10 10 03 01 04 00 CB

A3 10 01 04 41 00 00 00 F9
A3 03 1A 04 C4 A3 03 04 0F 07 07 07 CE
A3 03 06 07 B3
A3 03 07 10 00 09 06 92 00 00 5E
A3 10 06 07 10 00 09 06 92 00 00 71
A3 10 13 07 0F 07 00 07 00 07 07 F8
A3 10 10 03 01 04 00 CB

A3 10 01 04 41 00
00 00 F9
A3 03 1A 04 C4 A3 03 04 0F 07 07 07 CE
A3 03 06 07 B3 A3 03 07 10 00 09 06 92 00 00 5E
A3 10 06 07 10 00 09 06 92 00 00 71
A3 10 13 07 0F 07 00 07 00 07 07 F8
A3 10 10 03
01 04 00 CB

A3 10 01 04 41 00 00 00 F9
A3 03 1A 04 C4
A3 03 04 0F 07 07 07 CE
A3 03 06 07 B3 A3 03 07 10 00 09 06 92 00 00 5E
A3 10 06
07 10 00 09 06 92 00 00 71
A3 10 13 07 0F 07 00 07 00 07 07 F8
A3 10 10 03 01 04 00 CB

A3 10 01 04 41 00 00 00 F9

A3 03 1A 04 C4 A3 03 04 0F 07 07 07 CE
A3 03 06 07 B3 
A3 03 07 90 00 09 06 92 00 00 DE

A3 10 06 07 10 00 09 06 92 00 00 71
A3 10 13 07 0F 07 00 07 00 07 07 F8
A3 10 10 03 01 04 00 CB

A3 10 01 04 41 00 00 00 F9
A3 03 1A 04 C4 A3 03 04 0F 07 07 07 CE
A3 03 06 07 B3
A3 03 07 10 00 09 06 92 00 00 5E
A3 10 06 07 10 00 09 06 92 00 00 71
A3 10 13 07 0F 07 00 07 00 07 07 F8
A3 10 10 03 01 04 00 CB

A3 10 01 04 41 00 00 00 F9
A3 03 1A 04 C4
A3 03 04 0F 07 07 07 CE
A3 03 06 07 B3 
A3 03 07 10 00 09 06 92 00 00 5E
A3 10 06 07 10 00 09 06 92 00 00 71
A3 10 13 07 0F 07 00 07 00 07 07 F8
A3 10 10 03 01 04 00 CB

==============显示板 发 =================

A3 03 04 0E 07 07 07 CD
A3 03 07 00 00 09 06 92 00 00 4E

A3 03 04 0E 07 07 07 CD
A3 03 07 00 00 09 06 92 00 00 4E

A3 03 04 0E 07 07 07 CD
A3 03 07 00 00 09 06 92 00 00 4E

A3 03 04 0E 07 07 07 CD
A3 03 07 00 00 09 06 92 00 00 4E

A3 03 04 0E 07 07 07 CD
A3 03 07 00 00 09 06 92 00 00 4E

A3 03 04 0E 07 07 07 CD
A3 03 07 00 00 09 06 92 00 00 4E

A3 03 04 0E 07 07 07 CD
A3 03 07 00 00 09 06 92 00 00 4E

A3 03 04 0E 07 07 07 CD
A3 03 07 00 00 09 06 92 00 00 4E

A3 03 04 0E 07 07 07 CD
A3 03 07 00 00 09 06 92 00 00 4E

A3 03 04 0E 07 07 07 CD
A3 03 07 00 00 09 06 92 00 00 4E

A3 03 04 0E 07 07 07 CD
A3 03 07 00 00 09 06 92 00 00 4E

A3 03 04 0E 07 07 07 CD
A3 03 07 00 00 09 06 92 00 00 4E

A3 03 04 0E 07 07 07 CD
A3 03 07 00 00 09 06 92 00 00 4E

A3 03 04 0E 07 07 07 CD
A3 03 07 90 00 09 06 92 00 00 DE

A3 03 04 0E 07 07 07 CD
A3 03 07 90 00 09 06 92 00 00 DE

A3 03 04 0E 07 07 07 CD
A3 03 07 90 00 09 06 92 00 00 DE

A3 03 04 0E 07 07 07 CD
A3 03 07 10 00 09 06 92 00 00 5E

A3 03 04 0E 07 07 07 CD
A3 03 07 10 00 09 06 92 00 00 5E

A3 03 04 0E 07 07 07 CD
A3 03 07 10 00 09 06 92 00 00 5E

A3 03 04 0E 07 07 07 CD
A3 03 07 10 00 09 06 92 00 00 5E

A3 03 04 0E 07 07 07 CD
A3 03 07 10 00 09 06 92 00 00 5E

A3 03 04 0E 07 07 07 CD
A3 03 07 10 00 09 06 92 00 00 5E

A3 03 04 0E 07 07 07 CD
A3 03 07 10 00 09 06 92 00 00 5E

A3 03 04 0F 07 07 07 CE
A3 03 07 10 00 09 06 92 00 00 5E

A3 03 04 0E 07 07 07 CD
A3 03 07 10 00 09 06 92 00 00 5E

A3 03 04 0F 07 07 07 CE
A3 03 07 10 00 09 06 92 00 00 5E

A3 03 04 0E 07 07 07 CD
A3 03 07 10 00 09 06 92 00 00 5E

A3 03 04 0F 07 07 07 CE
A3 03 07 10 00 09 06 92 00 00 5E

A3 03 04 0F 07 07 07 CE
A3 03 07 10 00 09 06 92 00 00 5E

A3 03 04 0F 07 07 07 CE
A3 03 07 10 00 09 06 92 00 00 5E

A3 03 04 0F 07 07 07 CE
A3 03 07 10 00 09 06 92 00 00 5E

A3 03 04 0F 07 07 07 CE
A3 03 07 90 00 09 06 92 00 00 DE

A3 03 04 0F 07 07 07 CE
A3 03 07 10 00 09 06 92 00 00 5E



==================================== 原显示板  收 

A3 03 06 07 B3 
A3 03 07 80 04 03 02 99 00 00 CF
A3 10 06 07 00 04 03 02 99 00 00 62
A3 10 13 07 14 07 00 07 00 07 07 FD
A3 10 10 03 02 06 00 CE

A3 10 01 04 41 00 00 00 F9
A3 03 1A 04 C4
A3 03 04 14 00 00 00 BE
A3 03 06 07 B3 
   A3 03 07 00 04 03 02 99 00 00 4F
A3 10 06 07 00 04 03 02 99 00 00 62
A3 10 13 07 14 07 00 07 00 07 07 FD
A3 10 10 03 02 06 00 CE

A3 10 01 04 41 00 00 00 F9
A3 03 1A 04 C4
A3 03 04 14 00 00 00 BE
A3 03 06 07 B3 
A3 03 07 00 04 03 02 99 00 00 4F
A3 10 06 07 00 04 03 02 99 00 00 62
A3 10 13 07 14 07 00 07 00 07 07 FD
A3 10 10 03 02 06 00 CE

A3 10 01 04 41 00 00 00 F9
A3 03 1A 04 C4 A3 03 04 14 07 07 07 D3
A3 03 06 07 B3
A3 03 07 00 04 03 02 99 00 00 4F
A3 10 06 07 00 04 03 02 99 00 00 62
A3 10 13 07 14 07 00 07 00 07 07 FD
A3 10 10 03 02 06 00 CE

A3 10 01 04 41 00 00 00 F9
A3 03 1A 04 C4 A3 03 04 14 07 07 07 D3
A3 03 06 07 B3 
A3 03 07 80 04 03 02 99 00 00 CF  
A3 10 06 07 00 04 03 02 99 00 00 62
A3 10 13 07 14 07 00 07 00 07 07 FD
A3 10 10 03 02 06 00 CE


A3 10 01 04 41 00 00 00 F9
A3 03 1A 04 C4 
A3 03 04 14 07 07 07 D3
A3 03 06 07 B3 
   A3 03 07 80 01 03 02 99 00 00 CC  有更新  假日―》速冻(1)
A3 10 06 07 00 01 03 02 99 00 00 5F
A3 10 13 07 14 07 00 07 00 07 07 FD
A3 10 10 03 02 06 00 CE

A3 10 01 04 41 00 00 00 F9
A3 03 1A 04 C4
A3 03 04 14 07 07 07 D3
A3 03 06 07 B3 
   A3 03 07 80 02 03 02 99 00 00 CD  有更新  速冻―》智能(2)
A3 10 06 07 00 02 03 02 99 00 00 60
A3 10 13 07 14 07 00 07 00 07 07 FD
A3 10 10 03 02 06 00 CE

A3 10 01 04 41 00 00 00 F9
A3 03 1A 04 C4 
A3 03 04 14 07 07 07 D3
A3 03 06 07 B3
   A3 03 07 80 04 03 02 99 00 00 CF 有更新  智能―》假日(3)
A3 10 06 07 00 04 03 02 99 00 00 62
A3 10 13 07 14 07 00
07 00 07 07 FD
A3 10 10 03 02 06 00 CE

A3 10 01 04 41 00 00 00 F9
A3 03 1A 04 C4 A3 03 04 14 07 07 07 D3
A3 03 06 07 B3 
   A3 03 07 80 01 03 02 99 00 00 CC 有更新  假日―》速冻 (4)
A3 10 06 07 00 01 03 02 99 00 00 5F
A3 10 13 07 14 07 00 07 00 07 07 FD
A3 10 10 03 02 06 00 CE


A3 10 01 04 41 00 00 00 F9
A3 03 1A 04 C4 
A3 03 04 14 07 07 07 D3
A3 03 06 07 B3
   A3 03 07 80 00 03 02 99 00 00 CB 有更新  速冻―》自定义 (5)
A3 10 06 07 00 00 03 02 99 00 00 5E
A3 10 13 07 14 07 00 07 00 07 07 FD
A3
10 10 03 02 06 00 CE

A3 10 01 04 41 00 00 00 F9
A3 03 1A 04 C4 
A3 03 04 14 07 07 07 D3
A3 03 06 07 B3 
A3 03 07 00 00 03 02 99 00 00 4B
A3 10 06 07 00 00 03 02 99 00 00 5E
A3 10 13 07 14 07 00 07 00 07 07 FD
A3 10 10 03 02 06 00 CE

A3 10 01 04 41 00 00 00 F9
A3 03 1A 04 C4 
A3 03 04 14 07 07 07 D3
A3 03 06 07 B3 
   A3 03 07 80 00 03 02 98 00 00 CA  有更新  设定速冻温度 (6)
A3 10 06 07 00 00 03 02 98 00 00 5D
A3 10 13 07 14 07 00
07 00 07 07 FD
A3 10 10 03 02 06 00 CE

A3 10 01 04 41 00 00 00 F9
A3 03 1A 04 C4 A3 03 04 14 07 07 07 D3
A3 03 06 07 B3
   A3 03 07 80 00 03 02 96 00 00 C8 有更新  设定速冻温度 (7)
A3 10 06 07 00 00 03 02 96 00 00 5B
A3 10 13 07 14 07 00 07 00 07 07 FD
A3 10 10 03 02 06 00 CE

A3 10 01 04 41 00 00 00 F9
A3 03 1A 04 C4 
A3 03 04 14 07 07 07 D3
A3 03 06 07 B3 
   A3 03 07 80 00 03 02 95 00 00 C7  有更新  设定速冻温度(8)
A3 10 06 07 00 00 03 02 95 00 00 5A
A3 10 13 07 14 07 00 07 00 07 07 FD
A3 10 10 03 02 06 00 CE

A3 10 01 04 41 00 00 00 F9
A3 03 1A 04 C4 
A3 03 04 14 07 07 07 D3
A3 03 06 07 B3 
   A3 03 07 80 00 03 03 95 00 00 C8  有更新  设定变温温度 (9)
A3 10 06 07 00 00 03 03 95 00 00 5B
A3 10 13 07 14 07 00 07 00 07 07 FD
A3 10 10 03 02 06 00 CE

A3 10 01 04 41 00 00 00 F9
A3 03 1A 04 C4 
A3 03 04 14 07 07 07 D3
A3 03 06 07 B3 
   A3 03 07 80 00 03 06 95 00 00 CB 有更新  设定变温温度 (10)
A3 10 06 07 00 00 03 06 95 00 00 5E
A3 10 13 07 14 07 00 07 00 07 07 FD
A3 10 10 03 02 06 00 CE

A3 10 01 04 41 00 00 00 F9
A3 03 1A 04 C4 
A3 03 04 14 07 07 07 D3
A3 03 06 07 B3 
   A3 03 07 00 00 03 06 95 00 00 4B 
A3 10 06 07 00 00 03 06 95 00 00 5E
A3 10 13 07 14 07 00 07 00 07 07 FD
A3 10 10 03 02 06 00 CE

A3 10 01 04 41 00 00 00 F9
A3 03 1A 04 C4 
A3 03 04 14 07 07 07 D3
A3 03 06 07 B3 
   A3 03 07 80 00 04 06 95 00 00 CC  有更新  设定冷藏温度 (11)
A3 10 06 07 00 00 04 06 95 00 00 5F
A3 10 13 07 14 07 00 07 00 07 07 FD
A3 10 10 03 02 06 00 CE

A3 10 01 04 41 00 00 00 F9
A3 03 1A 04 C4
A3 03 04 14 07 07 07 D3
A3 03 06 07 B3 
   A3 03 07 80 00 06 06 95 00 00 CE   有更新  设定冷藏温度 (12)
A3 10 06 07 00 00 06 06 95 00 00 61
A3 10 13 07 14 07 00 07 00 07 07 FD
A3 10 10 03 02 06 00 CE

A3 10 01 04 41 00 00 00 F9
A3 03 1A 04 C4 
A3 03 04 14 07 07 07 D3
A3 03 06 07 B3 
   A3 03 07 80 00 07 06 95 00 00 CF  有更新  设定冷藏温度 (13)
A3 10 06 07 00 00 07 06 95 00 00 62
A3 10 13 07 14 07 00 07 00 07 07 FD
A3 10 10 03 02 06 00 CE

A3 10 01 04 41 00 00 00 F9
A3 03 1A 04 C4 
A3 03 04 14 07 07 07 D3
A3 03 06 07 B3
   A3 03 07 00 00 07 06 95 00 00 4F
A3 10 06 07 00 00 07 06 95 00 00 62
A3 10 13 07 14 07 00 07 00 07 07 FD
A3 10 10 03 02 06 00 CE

A3 10 01 04 41 00 00 00 F9
A3 03 1A 04 C4 A3 03 04 14 07 07 07 D3
A3 03 06 07 B3 A3 03 07 00 00 07 06 95 00 00 4F
A3 10 06 07 00 00 07 06 95 00 00 62
A3 10 13 07 14 07 00 07 00 07 07 FD
A3 10 10 03 02 06 00 CE

A3 10 01 04 41 00 00 00 F9
A3 03 1A 04 C4
A3 03 04 14 07 07 07 D3
A3 03 06 07 B3 A3 03 07 00 00 07 06 95 00 00 4F
A3 10 06 07 00 00 07 06 95 00
00 62
A3 10 13 07 14 07 00 07 00 07 07 FD
A3 10 10 03 02 06 00 CE

A3 10 01 04 41 00 00 00 F9
A3 03 1A 04 C4
A3 03 04 14 07 07 07 D3
A3 03 06 07 B3 
   A3 03 07 80 00 07 06 95 00 00 CF 有更新 (14)
A3 10 06 07 00 00 07 06 95 00 00 62
A3 10 13 07 14 07 00 07 00 07 07 FD
A3 10 10 03 02 06 00 CE


A3 10 01 04 41 00 00 00 F9
A3 03 1A 04 C4 
A3 03 04 14 07 07 07 D3
A3 03 06 07 B3
   A3 03 07 80 00 07 06 95 00 00 CF 有更新 (15)
A3 10 06 07 00 00 07 06 95 00 00 62
A3 10 13 07 14 06 00 07 00 07 07 FC
A3 10 10 03 02 06 00 CE

A3 10 01 04 41 00 00 00 F9
A3 03 1A 04 C4 A3 03 04 14 07 07 07 D3
A3 03 06
07 B3 A3 03 07 00 00 07 06 95 00 00 4F
A3 10 06 07 00 00 07 06 95 00 00 62
A3 10 13 07 14 07 00 07 00 07 07 FD
A3 10 10 03 02 06 00 CE

A3
10 01 04 41 00 00 00 F9
A3 03 1A 04 C4 A3
03 04 14 07 07 07 D3
A3 03 06 07 B3 A3 03 07 00 00 07 06 95 00 00 4F
A3 10 06 07 00 00 07 06 95 00 00 62
A3 10 13 07 14 07 00 07 00 07 07 FD
A3
10 10 03 02 06 00 CE

A3 10 01 04 41 00 00 00 F9
A3 03 1A 04 C4 A3
03 04 14 07 07 07 D3
A3 03 06 07 B3 A3 03 07 00 00 07 06 95 00 00 4F
A3 10 06 07 00 00 07 06 95 00 00 62
A3 10 13 07 14 07 00 07 00 07 07 FD
A3 10 10 03 02 06 00 CE

A3 10 01 04 41 00 00 00 F9
A3 03 1A 04 C4 A3 03 04 14 07 07 07 D3
A3 03 06 07 B3
A3 03 07 00 00 07 06 95 00 00 4F
A3 10 06 07 00 00 07 06 95 00 00 62
A3 10 13 07 14 07
00 07 00 07 07 FD
A3 10 10 03 02 06 00 CE

A3 10 01 04 41 00 00 00 F9
A3 03 1A 04 C4 A3 03 04 14 07 07 07 D3
A3 03 06 07
B3 A3 03 07 00 00 07 06 95 00 00 4F
A3 10 06 07 00 00 07 06 95 00 00 62
A3 10 13 07 14 07 00 07 00 07 07 FD
A3 10 10 03 02 06 00 CE

A3 10 01 04
41 00 00 00 F9
A3 03 1A 04 C4 A3 03 04 14 07 07 07
D3
A3 03 06 07 B3 A3 03 07 00 00 07 06 95 00 00 4F
A3 10 06 07 00 00 07 06 95 00 00 62
A3 10 13 07 14 07 00 07 00 07 07 FD
A3 10
10 03 02 06 00 CE

A3 10 01 04 41 00 00 00 F9
A3 03 1A 04 C4 A3 03 04
14 07 07 07 D3
A3 03 06 07 B3 A3 03 07 00 00 07 06 95 00 00 4F
A3
10 06 07 00 00 07 06 95 00 00 62
A3 10 13 07 14 07 00 07 00 07 07 FD
A3 10 10 03 02 06 00 CE

A3 10 01 04 41 00 00 00 F9
A3 03 1A 04 C4 A3 03 04 14 07 07 07 D3
A3 03 06 07 B3 A3 03 07
00 00 07 06 95 00 00 4F
A3 10 06 07 00 00 07 06 95 00 00 62
A3 10 13 07 14 07 00 07 00
07 07 FD
A3 10 10 03 02 04 00 CC

A3 10 01 04 41 00 00 00 F9
A3 03 1A 04 C4 A3 03 04 14 07 07 07 D3
A3 03 06 07 B3
A3 03 07 00 00 07 06 95 00 00 4F
A3 10 06 07 00 00 07 06 95 00 00 62
A3 10 13 07 14 07 00 07 00 07 07 FD
A3 10 10 03 02 04 00 CC

A3 10 01 04
41 00 00 00 F9
A3 03 1A 04 C4 A3 03 04 14 07 07 07 D3
A3 03 06 07 B3 A3 03 07 00 00 07 06 95 00 00 4F
A3 10 06 07 00 00 07 06 95 00 00 62
A3 10 13 07 14 07 00 07 00 07 07 FD
A3 10 10 03
02 04 00 CC

A3 10 01 04 41 00 00 00 F9
A3 03 1A 04 C4 A3 03 04 14 07 07 07
D3
A3 03 06 07 B3 A3 03 07 00 00 07 06 95 00 00 4F
A3 10
06 07 00 00 07 06 95 00 00 62
A3 10 13 07 14 07 00 07 00 07 07 FD
A3 10 10 03 02 04 00 CC

A3 10 01 04 41 00 00 00 F9
A3 03 1A 04 C4 A3 03 04 14 07 07 07 D3
A3 03 06 07 B3 A3 03 07 00 00 07 06
95 00 00 4F
A3 10 06 07 00 00 07 06 95 00 00 62
A3 10 13 07 14 07 00 07 00 07
07 FD
A3 10 10 03 02 04 00 CC

A3 10 01 04 41 00 00 00 F9
A3 03 1A 04 C4 A3 03 04 14 07 07 07 D3
A3 03 06 07 B3 A3 03 07
00 00 07 06 95 00 00 4F
A3 10 06 07 00 00 07 06 95 00 00 62
A3 10 13 07 14 07 00 07 00 07 07 FD
A3 10 10 03 02 04 00 CC

A3 10 01 04 41 00 00 00 F9
A3 03 1A 04 C4 A3 03 04 14 07 07 07 D3
A3 03 06 07 B3 A3 03 07 00 00 07 06 95 00 00 4F
A3 10 06 07 00 00 07 06 95 00 00 62
A3 10 13 07 14 07 00 07 00 07 07 FD
A3 10 10 03 02 04
00 CC

A3 10 01 04 41 00 00 00 F9
A3 03 1A 04 C4
A3 03 04 14 07 07 07 D3
A3 03 06 07 B3 A3 03 07 00 00 07 06 95 00 00 4F
A3 10 06 07 00
00 07 06 95 00 00 62
A3 10 13 07 14 07 00 07 00 07 07 FD
A3 10 10 03 02 04 00 CC

A3 10 01 04 41 00 00 00 F9
A3 03 1A
04 C4 A3 03 04 14 07 07 07 D3
A3 03 06 07 B3 A3 03 07 00 00 07 06 95 00 00 4F
A3 10 06 07 00 00 07 06 95 00 00 62
A3 10 13 07 14 07 00 07 00 07 07 FD
A3 10 10 03 02 04 00 CC

A3 10 01 04 41 00 00 00 F9
A3 03 1A 04 C4 
A3 03 04 14 07 07 07 D3
A3 03 06 07 B3
   A3 03 07 90 00 07 06 95 00 00 DF 有更新 自检 (16)
A3 10 06 07 10 00 07 06 95 00 00 72
A3 10 13 07 14 07 00 07 00 07 07 FD
A3 10 10 03 02 04 00 CC

A3 10 01 04 41 00 00 00 F9
A3 03 1A 04 C4 
A3 03 04 14 07 07 07 D3
A3 03 06 07 B3 
   A3 03 07 90 00 07 06 95 00 00 DF 有更新 自检 (17)
A3 10 06 07 10 00 07 06 95 00 00 72
A3 10 13 07 14 07 00 07 00 07 07 FD
A3 10 10 03 20 04 00 EA

A3 10 01 04 41 00 00 00 F9
A3 03 1A 04 C4
A3 03 04 14 07 07 07 D3
A3 03 06 07 B3 
A3 03 07 10 00 07 06 95 00 00 5F  自检 (18)
A3 10 06 07 10 00 07 06 95 00 00 72
A3 10 13 07 14 07 00 07 00 07 07 FD
A3 10 10 03 20 04 00 EA

A3 10 01 04 41 00 00 00 F9
A3 03 1A 04 C4
A3 03 04 14 07 07 07 D3
A3 03 06 07 B3 A3 03 07 10 00 07 06 95 00 00 5F
A3 10 06 07 10 00 07 06 95 00 00 72
A3 10 13 07 14 07 00 07 00 07 07 FD
A3 10 10 03 80 04 00 4A

00 51
A3 10 01 04 41 00 00 00 F9
A3 03 1A 04 C4 A3 03 04 14 07 07 07 D3
A3 03 06 07 B3
A3 03 07 10 00 07 06 95 00 00 5F
A3 10 06 07 10 00 07 06 95 00 00 72
A3 10 13 07 14
07 00 07 00 07 07 FD
A3 10 10 03 80 04 00 4A

A3 10 01 04 41 00 00 00 F9
A3 03 1A 04 C4 A3 03 04 14 07 07 07 D3
A3
03 06 07 B3 A3 03 07 10 00 07 06 95 00 00 5F
A3 10 06 07 10 00 07 06 95 00 00 72
A3 10 13 07 14 07 00 07 00 07 07 FD
A3 10 10 03 08 04 00 D2

A3
10 01 04 41 00 00 00 F9
A3 03 1A 04 C4 A3
03 04 14 07 07 07 D3
A3 03 06 07 B3 A3 03 07 10 00 07 06 95 00 00 5F
A3 10 06 07 10 00 07 06 95 00 00 72
A3 10 13 07 14 07 00 07 00 07 07 FD
A3
10 10 03 00 04 00 CA

A3 10 01 04 41 00 00 00 F9
A3 03 1A 04 C4
A3 03 04 14 07 07 07 D3
A3 03 06 07 B3 A3 03 07 10 00 07 06 95 00 00 5F
A3 10 06 07 10 00 07 06 95 00 00 72
A3 10 13 07 14 07 00 07 00 07 07 FD
A3 10 10 03 00 04 00 CA

A3 10 01 04 41 00 00 00 F9
A3 03 1A 04 C4 A3 03 04 14 07 07 07 D3
A3 03 06 07 B3
A3 03 07 10 00 07 06 95 00 00 5F
A3 10 06 07 10 00 07 06 95 00 00 72
A3 10 13 07 14 07 00
07 00 07 07 FD
A3 10 10 03 00 04 00 CA

A3 10 01 04 41 00 00 00 F9
A3 03 1A 04 C4 A3 03 04 14 07 07 07 D3
A3 03 06 07 B3
A3 03 07 10 00 07 06 95 00 00 5F
A3 10 06 07 10 00 07 06 95 00 00 72
A3 10 13 07 14 07 00 07 00 07 07 FD
A3 10 10 03 00 04 00 CA

A3 10 01
04 41 00 00 00 F9
A3 03 1A 04 C4 A3 03 04 14 07 07 07 D3
A3 03 06 07 B3 A3 03 07 10 00 07 06 95 00 00 5F
A3 10 06 07 10 00 07 06 95 00 00 72
A3 10 13 07 14 07 00 07 00 07 07 FD
A3 10
10 03 00 04 00 CA

==================================== 改显示板  收 



A3 10 01 04 41 01 00 00 FA
A3 03 1A 04 C4 
A3 03 04 00 00 00 00 AA
A3 03 06 07 B3 
   A3 03 07 80 02 05 00 92 00 00 C6
A3 10 06 07 00 04 07 06 95 00 00 66
A3 10 13 07 14 07 00 07 00 07 07 FD
A3 10 10 03 00 04 00 CA

A3 10 01 04 41 01 00 00 FA
A3 03 1A 04 C4 
A3 03 04 00 00 00 00 AA
A3 03 06 07 B3 
   A3 03 07 00 02 05 00 92 00 00 46
A3 10 06 07 00 04 07 06 95 00 00 66
A3 10 13 07 14 07 00 07 00 06 07 FC
A3 10 10 03 00 04 00 CA

A3 10 01 04 41 01 00 00 FA
A3 03 1A 04 C4 
A3 03 04 00 00 00 00 AA
A3 03 06 07 B3 
   A3 03 07 00 04 07 06 95 00 00 53 有误 （0）
A3 10 06 07 00 04 07 06 95 00 00 66
A3 10 13 07 14 07 00 07 00 07 07 FD
A3 10 10 03 00 04 00 CA

A3 10 01 04 41 01 00 00 FA
A3 03 1A 04 C4
A3 03 04 00 07 07 06 BE
A3 03 06 07 B3 
A3 03 07 80 00 05 00 92 00 00 C4
A3 10 06 07 00 04 07 06 95 00 00 66
A3 10 13 07 14 07 00 07 00 07 07 FD
A3 10 10 03 00 04 00 CA


A3 10 01 04 41 01 00 00 FA
A3 03 1A 04 C4 
A3 03 04 00 07 07 06 BE
A3 03 06 07 B3 
A3 03 07 80 04 05 00 92 00 00 C8
A3 10 06 07 00 04 07 06 95 00 00 66
A3 10 13 07 14 07
00 07 00 07 07 FD
A3 10 10 03 00 04 00 CA

A3 10 01 04 41 01 00 00 FA
A3 03 1A 04 C4 A3 03 04 00 07 07 06 BE
A3 03 06 07 B3
A3 03 07 80 02 05 00 92 00 00 C6
A3 10 06 07 00 04 07 06 95 00 00 66
A3 10 13 07 14 07 00 07 00 07 07 FD
A3 10 10 03 00 04 00 CA

A3 10 01 04
41 01 00 00 FA
A3 03 1A 04 C4 A3 03 04 00 07 07 06 BE
A3 03 06 07 B3 A3 03 07 80 00 05 00 92 00 00 C4
A3 10 06 07 00 04 07 06 95 00 00 66
A3 10 13 07 14 07 00 07 00 07 07 FD
A3 10 10 03 00 04 00 CA

A3 10 01 04 41 01 00 00 FA
A3 03 1A 04 C4
A3 03 04 00 07 07 06 BE
A3 03 06 07 B3 A3 03 07 80 04 05 00 92 00 00 C8
A3
10 06 07 00 04 07 06 95 00 00 66
A3 10 13 07 14 07 00 07 00 07 07 FD
A3 10 10 03 00 04 00 CA

A3 10 01 04 41 01 00 00 FA
A3 03 1A 04 C4 A3 03 04 00 07 07 06 BE
A3 03 06 07 B3 A3 03 07 80 02
05 00 92 00 00 C6
A3 10 06 07 00 04 07 06 95 00 00 66
A3 10 13 07 14 07 00 07 00
07 07 FD
A3 10 10 03 00 04 00 CA

A3 10 01 04 41 01 00 00 FA
A3 03 1A 04 C4 A3 03 04 00 07 07 06 BE
A3 03 06 07 B3
A3 03 07 80 04 05 00 92 00 00 C8
A3 10 06 07 00 04 07 06 95 00 00 66
A3 10 13 07 14 07 00 07 00 07 07 FD
A3 10 10 03 00 04 00 CA

A3 10 01 04 41 01 00 00
FA
A3 03 1A 04 C4 A3 03 04 00 07 07 06 BE
A3 03 06 07 B3 A3 03 07 80 00 05 00 92 00 00 C4
A3 10 06 07 00 04 07 06 95 00 00 66
A3 10 13 07 14 07 00 07 00 07 07 FD
A3 10 10 03 00
04 00 CA

A3 10 01 04 41 01 00 00 FA
A3 03 1A 04 C4
A3 03 04 00 07 07 06 BE
A3 03 06 07 B3 A3 03 07 80 00 05 00 91 00 00 C3
A3 10 06 07
00 04 07 06 95 00 00 66
A3 10 13 07 14 07 00 07 00 07 07 FD
A3 10 10 03 00 04 00 CA

A3 10 01 04 41 01 00 00 FA
A3 03 1A
04 C4 A3 03 04 00 07 07 06 BE
A3 03 06 07 B3 A3 03 07 80 00 05 00 90
00 00 C2
A3 10 06 07 00 04 07 06 95 00 00 66
A3 10 13 07 14 07 00 07 00 07 07 FD
A3 10 10 03 00 04 00 CA

A3 10 01 04 41 01 00 00 FA
A3 03 1A 04 C4 A3 03 04 00 07 07 06 BE
A3 03 06 07 B3
A3 03 07 80 00 05 02 90 00 00 C4
A3 10 06 07 00 04 07 06 95 00 00 66
A3 10 13 07 14 07 00 07 00 07 07 FD
A3 10 10 03 00 04 00 CA


A3 10 01 04 41 01 00 00 FA
A3 03 1A 04 C4 A3 03 04 00 07 07 06 BE
A3 03 06 07 B3 A3 03 07 80 00 05 04 90 00 00 C6
A3 10 06 07 00 04 07 06 95 00 00 66
A3 10 13 07 14 07 00 07 00 07 07 FD
A3 10 10 03 00 04 00 CA

A3 10 01 04 41 01 00 00 FA
A3 03 1A 04 C4 A3
03 04 00 07 07 06 BE
A3 03 06 07 B3 A3 03 07 80 00 07 04 90 00 00 C8
A3 10 06 07 00 04
07 06 95 00 00 66
A3 10 13 07 14 07 00 07 00 07 07 FD
A3 10 10 03 00 04 00 CA

A3 10 01 04 41 01 00 00 FA
A3 03 1A 04 C4
A3 03 04 00 07 07 06 BE
A3 03 06 07 B3 A3 03 07 80 00 0A 04 90 00 00 CB
A3 10 06 07 00 04 07 06 95 00 00 66
A3 10 13 07 14 07 00 07 00 07 07 FD
A3 10 10 03 00 04 00 CA

A3 10 01 04 41 01 00 00 FA
A3 03 1A 04 C4 A3 03 04 00 07 07 06 BE
A3 03 06 07 B3
A3 03 07 00 00 0A 04 90 00 00 4B
A3 10 06 07 00 04 07 06 95 00 00 66
A3 10 13 07
14 07 00 07 00 07 07 FD
A3 10 10 03 00 04 00 CA

A3 10 01 04 41 01 00 00 FA
A3 03 1A 04 C4 A3 03 04 00 07 07 06 BE
A3
03 06 07 B3 A3 03 07 00 04 07 06 95 00 00 53
A3 10 06 07 00 04 07 06 95 00 00 66
A3 10 13 07 14 07 00 07 00 07 07 FD
A3 10 10 03 00 04 00 CA

A3 10 01 04 41 01 00 00 FA
A3 03 1A 04 C4 A3 03 04 00 07 07 06 BE
A3 03 06 07 B3 A3 03 07 00 04 07 06 95 00 00 53
A3 10 06 07 00 04 07 06
95 00 00 66
A3 10 13 07 14 07 00 07 00 07 07 FD
A3 10 10 03 00 04 00 CA

A3 10 01 04 41 01 00 00 FA
A3 03 1A 04 C4
A3 03 04 00 07 07 06 BE
A3 03 06 07 B3 A3 03 07 00 04 07 06 95 00 00 53
A3 10 06 07 00 04 07 06 95 00 00 66
A3 10 13 07 14 07 00 07 00 07 07 FD
A3 10 10 03 00 04 00 CA

A3 10 01 04 41 01 00 00 FA
A3 03 1A 04 C4 A3 03 04 00 07 07 06 BE
A3 03 06 07 B3
A3 03 07 00 04 07 06 95 00 00 53
A3 10 06 07 00 04 07 06 95 00 00 66
A3 10 13 07 14
07 00 07 00 07 07 FD
A3 10 10 03 00 04 00 CA

A3 10 01 04 41 01 00 00 FA
A3 03 1A 04 C4 A3 03 04 00 07 07 06 BE
A3 03 06 07
B3 A3 03 07 80 00 0A 04 90 00 00 CB
A3 10 06 07 00 04 07 06 95 00 00 66
A3 10 13 07 14 07 00 07 00 07 07 FD
A3 10 10 03 00 04 00 CA

A3 10 01
04 41 01 00 00 FA
A3 03 1A 04 C4 A3 03 04 00 07 07 06
BE
A3 03 06 07 B3 A3 03 07 80 04 0A 04 90 00 00 CF
A3 10 06 07 00 04 07 06 95 00 00 66
A3 10 13 07 14 07 00 07 00 07 07 FD
A3 10 10 03 00 04 00 CA

A3 10 01 04 41 01 00 00 FA
A3 03 1A 04 C4
A3 03 04 00 07 07 06 BE
A3 03 06 07 B3 A3 03 07 00 04 0A 04 90 00 00 4F
A3 10 06 07 00 04 07 06 95 00 00 66
A3 10 13 07 14 07 00 07 00 07 07 FD
A3 10 10 03 00 04 00 CA

A3 10 01 04 41 01 00 00 FA
A3 03 1A 04 C4 A3 03 04 00 07 07 06 BE
A3 03 06 07 B3 A3 03
07 00 04 07 06 95 00 00 53
A3 10 06 07 00 04 07 06 95 00 00 66
A3 10 13 07 14 07 00
07 00 07 07 FD
A3 10 10 03 00 04 00 CA

A3 10 01 04 41 01 00 00 FA
A3 03 1A 04 C4 A3 03 04 00 07 07 06 BE
A3 03 06 07 B3
A3 03 07 00 04 07 06 95 00 00 53
A3 10 06 07 00 04 07 06 95 00 00 66
A3 10 13 07 14 07 00 07 00 07 07 FD
A3 10 10 03 00 04 00 CA

A3 10 01
04 41 01 00 00 FA
A3 03 1A 04 C4 A3 03 04 00 07 07 06 BE
A3 03 06 07 B3 A3 03 07 80 04 0A 04 90 00 00 CF
A3 10 06 07 00 04 07 06 95 00 00 66
A3 10 13 07 14 07 00 07 00 07 07 FD
A3 10 10 03 00
04 00 CA

A3 10 01 04 41 01 00 00 FA
A3 03 1A 04 C4
A3 03 04 00 07 07 06 BE
A3 03 06 07 B3 A3 03 07 00 04 0A 04 90 00 00 4F
A3 10
06 07 00 04 07 06 95 00 00 66
A3 10 13 07 14 07 00 07 00 07 07 FD
A3 10 10 03 00 04 00 CA

A3 10 01 04 41 01 00 00 FA
A3
03 1A 04 C4 A3 03 04 00 07 07 06 BE
A3 03 06 07 B3 A3 03 07 00 04 07 06 95
00 00 53
A3 10 06 07 00 04 07 06 95 00 00 66
A3 10 13 07 14 07 00 07 00 07
07 FD
A3 10 10 03 00 04 00 CA

A3 10 01 04 41 01 00 00 FA
A3 03 1A 04 C4 A3 03 04 00 07 07 06 BE
A3 03 06 07 B3
A3 03 07 00 04 07 06 95 00 00 53
A3 10 06 07 00 04 07 06 95 00 00 66
A3 10 13 07 14 07 00 07 00 07 07 FD
A3 10 10 03 00 04 00 CA

A3 10 01 04 41 01 00
00 FA
A3 03 1A 04 C4 A3 03 04 00 07 07 06 BE
A3 03 06 07 B3 A3 03 07 00 04 07 06 95 00 00 53
A3 10 06 07 00 04 07 06 95 00 00 66
A3 10 13 07 14 07 00 07 00 07 07 FD
A3 10 10 03 00 04
00 CA

A3 10 01 04 41 01 00 00 FA
A3 03 1A 04 C4 A3
03 04 00 07 07 06 BE
A3 03 06 07 B3 A3 03 07 00 04 07 06 95 00 00 53
A3 10 06 07
00 04 07 06 95 00 00 66
A3 10 13 07 14 07 00 07 00 07 07 FD
A3 10 10 03 00 04 00 CA

A3 10 01 04 41 01 00 00 FA
A3 03 1A
04 C4 A3 03 04 00 07 07 06 BE
A3 03 06 07 B3 A3 03 07 00 04 07 06 95 00
00 53
A3 10 06 07 00 04 07 06 95 00 00 66
A3 10 13 07 14 07 00 07 00 07 07 FD
A3 10 10 03 00 04 00 CA

A3 10 01 04 41 01 00 00 FA
A3 03 1A 04 C4 A3 03 04 00 07 07 06 BE
A3 03 06 07 B3
A3 03 07 00 04 07 06 95 00 00 53
A3 10 06 07 00 04 07 06 95 00 00 66
A3
10 13 07 14 07 00 07 00 07 07 FD
A3 10 10 03 00 04 00 CA

A3 10 01 04 41 01 00 00 FA
A3 03 1A 04 C4 A3 03 04 00 07 07 06 BE
A3 03 06 07 B3 A3 03 07 00 04 07 06 95 00 00 53
A3 10 06 07 00 04 07 06 95 00 00 66
A3 10 13 07 14 07 00 07 00 07 07 FD
A3 10 10 03 00 04 00 CA


A3 10 01 04 41 01 00 00 FA
A3 03 1A 04 C4 A3
03 04 00 07 07 06 BE
A3 03 06 07 B3 A3 03 07 00 04 07 06 95 00 00 53
A3 10 06 07 00 04 07
06 95 00 00 66
A3 10 13 07 14 07 00 07 00 07 07 FD
A3 10 10 03 00 04 00 CA
=================================
A3 10 01 04 41 01 00 00 FA
A3 03 1A 04 C4
A3 03 04 00 07 07 06 BE
A3 03 06 07 B3 
   A3 03 07 00 04 07 06 95 00 00 53
A3 10 06 07 00 04 07 06 95 00 00 66
A3 10 13 07 14 07 00 07 00 07 07 FD
A3 10 10 03 00 04 00 CA

A3 10 01 04 41 01 00 00 FA
A3 03 1A 04 C4 A3 03 04 00 07 07 06 BE
A3 03 06 07 B3
   A3 03 07 90 04 0A 04 90 00 00 DF   有自检
A3 10 06 07 00 04 07 06 95 00 00 66
A3 10 13
07 14 07 00 07 00 07 07 FD
A3 10 10 03 00 04 00 CA

A3 10 01 04 41 01 00 00 FA
A3 03 1A 04 C4 
A3 03 04 00 07 07 06 BE
A3 03 06 07 B3 
   A3 03 07 90 04 0A 04 90 00 00 DF
A3 10 06 07 00 04 07 06 95 00 00 66
A3 10 13 07 14 07 00 07 00 07 07 FD
A3 10 10 03 00 04 00 CA

A3 10 01 04 41 01 00 00 FA
A3 03 1A 04 C4 
A3 03 04 00 07 07 06 BE
A3 03 06 07 B3 
   A3 03 07 90 04 0A 04 90 00 00 DF
A3 10 06 07 00 04 07 06 95 00 00 66
A3 10 13 07 14 07 00 07 00 07 07 FD
A3 10 10 03 00 04 00 CA

A3 10 01 04 41 01 00 00 FA
A3 03 1A 04 C4
A3 03 04 00 07 07 06 BE
A3 03 06 07 B3 
   A3 03 07 10 04 0A 04 90 00 00 5F
A3 10 06 07 00 04 07 06 95 00 00 66
A3 10 13 07 14 07 00 07 00 07 07 FD
A3 10 10 03 00 04 00 CA
===================================================
A3 10 01 04 41 01 00 00 FA
A3 03 1A 04 C4 A3 03 04 00 07 07 06 BE
A3 03 06 07 B3 A3
03 07 00 04 07 06 95 00 00 53
A3 10 06 07 00 04 07 06 95 00 00 66
A3 10 13 07
14 07 00 07 00 07 07 FD
A3 10 10 03 00 04 00 CA

A3 10 01 04 41 01 00 00 FA
A3 03 1A 04 C4 A3 03 04 00 07 07 06 BE
A3 03 06 07 B3
A3 03 07 00 04 07 06 95 00 00 53
A3 10 06 07 00 04 07 06 95 00 00 66
A3 10 13 07 14 07 00 07 00 07 07 FD
A3 10 10 03 00 04 00 CA

A3 10 01
04 41 01 00 00 FA
A3 03 1A 04 C4 A3 03 04 00 07 07 06 BE
A3 03 06 07 B3 A3 03 07 00 04 07 06 95 00 00 53
A3 10 06 07 00 04 07 06 95 00 00 66
A3 10 13 07 14 07 00 07 00 07 07 FD
A3
10 10 03 00 04 00 CA

A3 10 01 04 41 01 00 00 FA
A3 03 1A 04 C4
A3 03 04 00 07 07 06 BE
A3 03 06 07 B3 A3 03 07 00 04 07 06 95 00 00 53
A3 10 06 07 00 04 07 06 95 00 00 66
A3 10 13 07 14 07 00 07 00 07 07 FD
A3 10 10 03 00 04 00 CA

A3 10 01 04 41 01 00 00 FA
A3 03 1A 04 C4 A3 03 04 00 07 07 06 BE
A3 03 06 07 B3 A3 03 07 00
04 07 06 95 00 00 53
A3 10 06 07 00 04 07 06 95 00 00 66
A3 10 13 07 14 07 00 07 00
07 07 FD
A3 10 10 03 00 04 00 CA

A3 10 01 04 41 01 00 00 FA
A3 03 1A 04 C4 A3 03 04 00 07 07 06 BE
A3 03 06 07 B3
A3 03 07 00 04 07 06 95 00 00 53
A3 10 06 07 00 04 07 06 95 00 00 66
A3 10 13 07 14 07 00 07 00 07 07 FD
A3 10 10 03 00 04 00 CA

A3 10 01 04 41 01
00 00 FA
A3 03 1A 04 C4 A3 03 04 00 07 07 06 BE
A3 03 06 07 B3 A3 03 07 00 04 07 06 95 00 00 53
A3 10 06 07 00 04 07 06 95 00 00 66
A3 10 13 07 14 07 00 07 00 07 07 FD
A3 10 10 03
00 04 00 CA

A3 10 01 04 41 01 00 00 FA
A3 03 1A 04 C4
A3 03 04 00 07 07 06 BE
A3 03 06 07 B3 A3 03 07 00 04 07 06 95 00 00 53
A3
10 06 07 00 04 07 06 95 00 00 66
A3 10 13 07 14 07 00 07 00 07 07 FD
A3 10 10 03 00 04 00 CA

A3 10 01 04 41 01 00 00 FA
A3
03 1A 04 C4 A3 03 04 00 07 07 06 BE
A3 03 06 07 B3 A3 03 07 00 04 07 06 95
00 00 53


--------------   2-15  开关变温室 冷藏室跳变为负6 
FA 02 BC 02 
FA 09 26 03 01 00 07 01 00 00 00
FA 07 02 04 07 01 00 00 00
FA 02 BC 02 
FA 09 98 03 01 00 07 16 00 00 00
FA 07 49 04 06 06 00 00 00
FA 02 BC 02 
FA 09 26 03 01 00 07 01 00 00 00
FA 07 C1 04 06 05 00 00 00
FA 02 BC 02 
FA 09 98 03 01 00 07 16 00 00 00
FA 07 49 04 06 06 00 00 00
FA 07 C1 04 06 05 00 00 00 
FA 07 BC 04 07 16 00 00 00



