00 00 D1
A3 10 10 03 01 85 00 4C
A3 10 20 02 48 00 1D
A3 03 22 06 CE
A3 03 22 06 CE 00 1D 4C 00 00 00 00 00 D1 FA 54 F0 40 01 00 00 05 00 64 00 00 19 00 00 00 50 8D 45 00 00 00 00 00 00 00 00 00 00 03 20
01 23 00 00 00 31 00 00 00 00 00 00 00 00 00 00 03 20 01 23 00 14 00 14 00 14 00 14 00 00 00 14 00 14 00 00 00 14 05 00 05 00 05 A3 10 35 07 01 64 06 72 06 72
00 44 A3 10 3C 0B 05 03 89 8B 92 94 03 02 00 00 00 41
A3
10 47 0B 00 BD 00 00 00 0E 00 00 00 01 5B 2C
A3 10 52 0B 00 00 00 00 00 00 EA 60 00 00 FA 54
A3 10 5D 05 00 00 00 0A 00 1F
A3 10 01 04 23 01 7F 0C 67
A3 03 06 08 B4
A3 10 06 07 00 00 04 8A 93 00 00 E1
A3 10 15 09 00 00 00 00 00 00 00 00 00 D1
A3 10 10 03 01 85 00 4C
A3 10 20 02 48 00 1D
A3 03 22 06 CE
A3 03 22 06 CE 00 1D 4C 00 00 00 00 00 D1 FA 54 F0 40 02 00 00 05 00 64 00 00 05 00 00 00 50 B5 E4 00 00 00 00 00 00 00 00 00 00 03 20 01 23 00 00 00 30 00 00 00
00 00 00 00 00 00 00 03 20 01 23 00 14 00 14 00 14 00 14 00 00 00 14 00 14 00 00 00 14 05 00 05 00 05 A3 10 35 07 01 64 06 72 06 72 00 44
A3 10 3C 0B 05 03 89 8B 92 94 03 02 00 00 00 41
A3 10 47 0B 00 BD 00 00 00 0E 00 00
00 01 5B 2C
A3 10 52 0B 00 00 00 00 00 00 EA 60 00 00 FA 54
A3 10 5D 05 00 00 00 0A 00 1F
A3 10 01 04 23 01 7F 0C 67
A3 03 06 08 B4
A3 10 06 07 00 00 04 8A 93
00 00 E1
A3 10 15 09 00 00 00 00 00 00 00 00 00 D1
A3 10 10 03 01 85 00 4C
A3 10 20 02 48 00 1D
A3 03 22 06 CE
A3 03 22 06 CE 00 1D 4C 00
00 00 00 00 D1 FA 54 F0 40 00 00 00 05 00 64 00 00 12 00 00 00 50 DE 85 00 00 00 00 00 00 00 00 00 00 03 20 01 23 00 00 00 31 00 00 00 00 00 00 00 00 00 00 03 20 01
23 00 14 00 14 00 14 00 14 00 00 00 14 00 14 00 00 00 14 05 00 05 00 05 A3 10 35 07 01 64 06 72 06 72 00 44
A3 10 3C 0B 05 03 89 8B 92 94 03 02 00 00 00 41
A3 10 47 0B 00 BD 00 00 00 0E 00 00 00 01 5B 2C
A3 10 52 0B 00 00 00 00 00 00 EA 60 00 00 FA 54
A3 10 5D 05 00 00 00 0A
00 1F
A3 10 01 04 23 01 7F 0C 67
A3 03 06 08 B4
A3 10 06 07 00 00 04 8A 93 00 00 E1
A3 10 15 09 00 00 00 00 00 00 00 00 00 D1
A3 10 10 03 01 85 00 4C
A3 10 20 02 48 00 1D
A3
03 22 06 CE
A3 03 22 06 CE 00 1D 4C 00 00 00 00 00 D1 FA 54 F0 40 01
00 00 05 00 64 00 00 1F 00 00 00 50 07 25 00 00 00 00 00 00 00 00 00 00 03 20 01 23 00 00 00 31 00 00 00 00 00 00 00 00 00 00 03 20 01 23 00 14 00 14 00 14 00 14 00
00 00 14 00 14 00 00 00 14 05 00 05 00 05 A3 10 35 07 01 64 06 72 06 72 00 44
A3 10 3C 0B 05 03 89 8B
92 94 03 02 00 00 00 41
A3 10 47 0B 00 BD 00 00 00 0E 00 00 00 01 5B 2C
A3
10 52 0B 00 00 00 00 00 00 EA 60 00 00 FA 54
A3 10 5D 05 00 00 00 0A 00 1F
A3 10 01 04 23 01 7F 0C 67
A3 03 06 08 B4
A3 10 06 07 00 00 04 8A 93 00 00 E1
A3 10 15 09 00 00 00 00 00 00 00 00 00 D1
A3 10 10 03 01 85 00 4C
A3 10 20 02 48 00 1D
A3 03 22 06 CE
A3 03 22 06 CE 00 1D 4C 00 00 00 00 00 D1 FA 54 F0 40 02 00 00 05 00 64 00 00 0B 00 00
00 50 2F C5 00 00 00 00 00 00 00 00 00 00 03 20 01 23 00 00 00 31 00 00 00 00 00 00 00 00 00 00 03 20 01 23 00 14 00 14 00 14 00 14 00 00 00 14 00 14 00 00 00 14 05 00 05 00 05 A3 10 35 07 01 64 06 72 06 72 00 44
A3 10 3C 0B 05 03 89 8B 92 94 03 02 00 00 00 41
A3 10 47 0B 00 BD 00 00 00 0E 00 00 00 01 5B 2C
A3 10 52 0B 00 00 00
00 00 00 EA 60 00 00 FA 54
A3 10 5D 05 00 00 00 0A 00 1F
A3 10 01 04 23 01 7F 0C 67
A3 03 06 08 B4
A3 10 06 07 00 00 04 8A 93 00 00 E1
A3 10 15 09 00 00 00
00 00 00 00 00 00 D1
A3 10 10 03 01 85 00 4C
A3 10 20 02 48 00 1D
A3 03 22 06 CE
A3 03 22 06 CE 00 1D 4C 00 00 00 00 00 D1 FA 54 F0 40 00 00 00 05 00 64 00 00 18 00 00 00 50 58 64 00 00 00 00 00 00 00
00 00 00 03 20 01 23 00 00 00 30 00 00 00 00 00 00 00 00 00 00 03 20 01 23 00 14 00 14 00 14 00 14 00 00 00 14 00 14 00 00 00 14 05 00 05 00 05 A3 10 35 07 01 64
06 72 06 72 00 44
A3 10 3C 0B 05 03 89 8B 92 94 03 02 00 00 00 41
A3 10 47 0B 00 BD 00 00 00 0E 00 00 00 01 5B 2C
A3 10 52 0B 00 00 00 00 00 00 EA 60 00 00 FA 54
A3 10 5D 05 00 00 00 0A 00 1F
A3 10 01 04 23
01 7F 0C 67
A3 03 06 08 B4
A3 10 06 07 00 00 04 8A 93 00 00 E1
A3 10 15 09 00 00 00 00 00 00 00 00 00 D1
A3 10 10 03 01 85 00 4C
A3 10 20 02 48 00 1D
A3 03 22 06 CE
A3 03 22 06 CE 00 1D 4C 00 00 00 00 00 D1 FA 54 F0 40 01 00 00 05 00 64 00 00 04 00 00 00 50 80 05 00 00 00 00 00 00 00 00 00 00 03 20 01 23 00 00 00 31 00 00 00 00 00 00 00 00 00 00 03
20 01 23 00 14 00 14 00 14 00 14 00 00 00 14 00 14 00 00 00 14 05 00 05 00 05 A3 10 35 07 01 64 06 72 06 72 00 44
A3 10 3C 0B 05 03 89 8B 92 94 03 02 00 00 00 41
A3 10 47 0B 00
BD 00 00 00 0E 00 00 00 01 5B 2C
A3 10 52 0B 00 00 00 00 00 00 EA 60 00 00 FA 54
A3 10 5D 05 00 00 00 0A 00 1F
A3 10 01 04 23 01 7F 0C 67
A3 03 06 08 B4
A3 10 06 07
00 00 04 8A 93 00 00 E1
A3 10 15 09 00 00 00 00 00 00 00 00 00 D1
A3 10 10 03 01 85 00 4C
A3 10 20 02 48 00 1D
A3 03 22 06 CE
A3 03 22 06 CE
00 1D 4C 00 00 00 00 00 D1 FA 54 F0 40 02 00 00 05 00 64 00 00 11 00 00 00 50 A9 A5 00 00 00 00 00 00 00 00 00 00 03 20 01 23 00 00 00 31 00 00 00 00 00 00 00 00 00
00 03 20 01 23 00 14 00 14 00 14 00 14 00 00 00 14 00 14 00 00 00 14 05 00 05 00 05 A3 10 35 07 01 64 06 72 06 72 00 44
A3 10 3C 0B 05 03 89 8B 92 94 03 02 00 00 00 41
A3 10 47 0B 00 BD 00 00 00 0E 00 00 00 01 5B
2C
A3 10 52 0B 00 00 00 00 00 00 EA 60 00 00 FA 54
A3 10 5D
05 00 00 00 0A 00 1F
A3 10 01 04 23 01 7F 0C 67
A3 03 06 08 B4
A3 10 06 07 00 00 04 8A 93 00 00 E1
A3 10 15 09 00 00 00 00 00 00 00 00 00 D1
A3 10 10 03
01 85 00 4C
A3 10 20 02 48 00 1D
A3 03 22 06 CE
A3 03 22 06 CE 00 1D 4C 00 00 00 00 00 D1
FA 54 F0 40 00 00 00 05 00 64 00 00 1E 00 00 00 50 D2 45 00 00 00 00 00 00 00 00 00 00 03 20 01 23 00 00 00 31 00 00 00 00 00 00 00 00 00 00 03 20 01 23 00 14 00 14
00 14 00 14 00 00 00 14 00 14 00 00 00 14 05 00 05 00 05 A3 10 35 07 01 64 06 72 06 72 00 44
A3 10 3C 0B 05
03 89 8B 92 94 03 02 00 00 00 41
A3 10 47 0B 00 BD 00 00 00 0E 00 00 00 01 5B 2C
A3 10 52 0B 00 00 00 00 00 00 EA 60 00 00 FA 54
A3 10 5D 05 00 00 00 0A 00 1F
A3 10 01 04 23 01 7F 0C 67
A3 03 06 08
B4
A3 10 06 07 00 00 04 8A 93 00 00 E1
A3 10 15 09 00 00 00 00 00 00 00 00 00 D1
A3 10 10 03 01 85 00 4C
A3 10 20 02 48 00 1D
A3 03
22 06 CE
A3 03 22 06 CE 00 1D 4C 00 00 00 00 00 D1 FA 54 F0 40 01 00 00 05 00 64 00 00
0A 00 00 00 50 FA E5 00 00 00 00 00 00 00 00 00 00 03 20 01 23 00 00 00 31 00 00 00 00 00 00 00 00 00 00 03 20 01 23 00 14 00 14 00 14 00 14 00 00 00 14 00 14
00 00 00 14 05 00 05 00 05 A3 10 35 07 01 64 06 72 06 72 00 44
A3 10 3C 0B 05 03 89 8B 92 94 03 02 00 00 00 41
A3 10 47 0B 00 BD 00 00 00 0E 00 00 00 01 5B 2C
A3 10
52 0B 00 00 00 00 00 00 EA 60 00 00 FA 54
A3 10 5D 05 00 00 00 0A 00 1F
A3 10 01 04 23 01 7F 0C 67
A3 03 06 08 B4
A3 10 06 07 00 00 04 8A 93 00 00 E1
A3 10
15 09 00 00 00 00 00 00 00 00 00 D1
A3 10 10 03 01 85 00 4C
A3 10 20 02 48 00 1D
A3 03 22 06 CE
A3 03 22 06 CE 00 1D 4C 00 00 00 00 00 D1 FA 54 F0 40 02 00 00 05 00 64 00 00 17 00 00 00 50 23 85 00
00 00 00 00 00 00 00 00 00 03 20 01 23 00 00 00 31 00 00 00 00 00 00 00 00 00 00 03 20 01 23 00 14 00 14 00 14 00 14 00 00 00 14 00 14 00 00 00 14 05 00 05 00 05
A3 10 35 07 01 64 06 72 06 72 00 44
A3 10 3C 0B 05 03 89 8B 92 94 03 02 00 00 00 41
A3 10 47 0B 00 BD 00 00 00 0E 00 00 00 01 5B 2C
A3 10 52 0B 00 00 00 00 00 00 EA 60 00 00 FA 54
A3 10 5D 05 00 00 00 0A 00 1F
A3
10 01 04 23 01 7F 0C 67
A3 03 06 08 B4
A3 10 06 07 00 00 04 8A 93 00 00 E1
A3 10 15 09 00 00 00 00 00 00 00
00 00 D1
A3 10 10 03 01 85 00 4C
A3 10
20 02 48 00 1D
A3 03 22 06 CE
A3 03 22 06 CE 00 1D 4C 00 00 00 00 00 D1 FA 54 F0 40 00 00 00 05 00 64 00 00 03 00 00 00 50 4C 25 00 00 00 00 00 00 00 00 00 00 03 20
01 23 00 00 00 31 00 00 00 00 00 00 00 00 00 00 03 20 01 23 00 14 00 14 00 14 00 14 00 00 00 14 00 14 00 00 00 14 05 00 05 00 05 A3 10 35 07 01 64 06 72 06 72
00 44
A3 10 3C 0B 05 03 89 8B 92 94 03 02 00 00 00 41
A3 10 47 0B 00 BD 00 00 00 0E 00 00 00 01 5B 2C
A3 10 52 0B 00 00 00 00 00 00 EA 60 00 00 FA 54
A3 10 5D 05 00 00 00 0A 00 1F
A3 10 01 04 23 01 7F 0C 67
A3 03 06 08 B4
A3 10 06 07 00 00 04 8A 93 00 00 E1
A3 10 15 09 00 00 00 00 00 00 00 00 00 D1
A3 10 10 03 01 85 00 4C
A3 10 20 02 48 00 1D
A3 03 22 06 CE
A3 03 22 06 CE 00 1D 4C 00 00 00 00 00 D1 FA 54 F0 40 01 00 00 05 00 64 00 00 10 00 00 00 50 74 C5 00 00 00 00 00 00 00 00 00 00 03 20 01 23 00 00 00 31 00 00
00 00 00 00 00 00 00 00 03 20 01 23 00 14 00 14 00 14 00 14 00 00 00 14 00 14 00 00 00 14 05 00 05 00 05 A3 10 35 07 01 64 06 72 06 72 00 44
A3 10 3C 0B 05 03 89 8B 92 94 03 02 00 00 00 41
A3 10 47 0B 00 BD 00 00
00 0E 00 00 00 01 5B 2C
A3 10 52 0B 00 00 00 00 00 00 EA 60 00 00 FA 54
A3
10 5D 05 00 00 00 0A 00 1F
A3 10 01 04 23 01 7F 0C 67
A3 03 06 08 B4
A3 10 06 07 00 00 04 8A 93
